0.10025009654029036	1.0526247623200346e-37
0.10075279782498142	1.2186751443327716e-37
0.10125801989110166	1.409067187569048e-37
0.10176577537903839	1.6277520422103505e-37
0.10227607699256405	1.8759455029370062e-37
0.10278893749915381	2.1648095110534583e-37
0.10330436973030468	2.5042939735171926e-37
0.10382238658185707	2.885824096490508e-37
0.10434300101431716	3.321078695024303e-37
0.10486622605318122	3.816363092274165e-37
0.10539207478926138	4.380474241860634e-37
0.10592056037901353	5.027420660853867e-37
0.10645169604486628	5.762499256153922e-37
0.10698549507555138	6.604494325981598e-37
0.10752197082643682	7.559872105209172e-37
0.10806113671986059	8.65029876138369e-37
0.10860300624546665	9.887997831575006e-37
0.10914759296054233	1.12818863501524e-36
0.10969491049035776	1.3005816325689793e-36
0.11024497252850664	9.175597606375282e-38
0.11079779283724857	6.166567277780262e-38
0.11135338524785374	6.939325983326514e-38
0.11191176366094878	9.532307241399337e-38
0.11247294204686466	7.130758536809136e-40
0.11303693444598625	8.40523461391033e-40
0.11360375496910365	1.3362668683126177e-39
0.11417341779776481	1.771517817821687e-39
0.11474593718463082	2.3953942860983248e-39
0.11532132745383232	2.271261077211825e-39
0.1158996030013279	1.0504830417016578e-38
0.11648077829526414	5.817511715141387e-39
0.11706486787633799	4.759073333844901e-39
0.11765188635816036	3.1629374692189105e-39
0.11824184842762134	1.1294051757828092e-38
0.11883476884525827	1.3059128389569545e-38
0.1194306624456247	6.088996626266532e-39
0.12002954413766166	2.5342406021841733e-39
0.12063142890507059	5.230291251428979e-40
0.12123633180668836	7.360192074899278e-39
0.12184426797686412	9.873670666739063e-39
0.12245525262583745	1.5305988777333602e-38
0.1230693010401194	2.1403473785397083e-38
0.12368642858287479	1.9764321427304157e-38
0.1243066506943066	1.0081871795541083e-38
0.12492998289204212	1.117168074573766e-38
0.12555644077152167	2.343333168887937e-38
0.12618604000638836	4.1499580473594717e-38
0.1268187963488802	7.6268326551399e-38
0.12745472563022445	7.512798249780104e-38
0.12809384376103353	5.142551011919637e-38
0.12873616673170313	4.989485029093906e-38
0.1293817106128126	5.107087399194257e-38
0.13003049155552668	6.505840898762072e-38
0.13068252579199946	8.612429311640356e-38
0.13133782963578092	7.923008607672998e-38
0.13199641948222465	4.2073617930406236e-38
0.13265831180889856	2.769211124346324e-38
0.1333235231759965	5.0097637478742655e-39
0.13399207022675333	5.729139145382213e-39
0.1346639696878609	4.3647796063095276e-39
0.13533923836988634	2.4968992555536153e-39
0.13601789316769305	2.3816177894506572e-39
0.13669995106086313	1.8885337241886813e-39
0.1373854291141225	1.7134644126912723e-39
0.1380743444777674	1.7627967469873302e-39
0.13876671438809404	1.8994431441429796e-39
0.13946255616782952	2.0405645297253974e-39
0.14016188722656509	2.1719850134236285e-39
0.14086472506119205	2.4087522586525435e-39
0.14157108725633918	2.6325314114280873e-39
0.14228099148481313	2.901295342230256e-39
0.14299445550804002	3.182219430608395e-39
0.1437114971765105	3.50109401827935e-39
0.14443213443022598	3.884983140349587e-39
0.14515638529914726	4.2930289183278224e-39
0.14588426790364592	4.7855054764394356e-39
0.14661580045495778	5.21632959825332e-39
0.1473510012556381	5.773736479856893e-39
0.14808988870002013	1.6515882404477127e-44
0.14883248127467505	2.0139894028661555e-44
0.14957879755887404	2.4775519656330315e-44
0.15032885622505365	3.236561664393127e-44
0.15108267603928302	4.4249188985659946e-44
0.1518402758617329	8.598292956340182e-44
0.15260167464714797	3.084816519265287e-43
0.15336689144532112	6.822165283265828e-43
0.15413594540156997	1.6890154318409998e-42
0.15490885575721539	4.1409473781831257e-42
0.15568564185006345	2.3327802202888036e-41
0.1564663231148892	1.379962074749672e-39
0.1572509190839228	3.2200916622414235e-41
0.15803944938733805	1.3210647797877133e-41
0.15883193375374402	7.530461532241173e-42
0.1596283920106783	6.09375634702537e-42
0.16042884408510286	5.261269290581351e-42
0.16123331000390292	4.4965326252768795e-42
0.1620418098943881	3.807575396141733e-42
0.16285436398479577	4.038950875001802e-42
0.16367099260479698	4.821587595041478e-42
0.1644917161860058	5.77831845583907e-42
0.16531655526248995	4.751811657326551e-42
0.16614553047128444	5.820575004214099e-42
0.1669786625529082	6.77878853389505e-42
0.16781597235188284	1.1090397464252441e-41
0.16865748081725426	2.4137576377347633e-41
0.16950320900311688	2.6895411323641056e-41
0.1703531780691405	3.8472741483938765e-41
0.1712074092810989	6.902406716382156e-41
0.17206592401140292	7.664915639287001e-41
0.1729287437396345	1.0382292547906125e-40
0.17379589005308457	1.1915461087981633e-40
0.1746673846472926	1.3447621598844941e-40
0.17554324932659007	3.4056663749740722e-40
0.1764235060046458	5.571558988634038e-40
0.1773081767050136	7.629909654565053e-40
0.17819728356168393	1.4042940677733836e-39
0.17909084881963772	2.6577000420554735e-39
0.17998889483540254	4.09324613757697e-39
0.18089144407761196	3.773956000304977e-39
0.18179851912756836	6.183138214497839e-39
0.18271014267980737	7.507412314162913e-39
0.1836263375426653	1.2413719697212865e-38
0.1845471266388505	1.3961993639956366e-38
0.18547253300601654	3.0256805110253506e-38
0.18640257979733865	6.575269728672521e-38
0.18733729028209287	1.0164632395482307e-37
0.1882766878462387	1.7133449308026123e-37
0.18922079599300382	2.8051464977937167e-37
0.19016963834347198	3.0069142451430706e-37
0.19112323863717418	4.995164995205525e-37
0.1920816207326828	7.295005227945631e-37
0.19304480860820805	6.477792662865297e-37
0.1940128263621986	8.827822083276406e-37
0.1949856982139441	1.4757654727418416e-36
0.19596344850418088	2.1404148787503643e-36
0.19694610169570126	2.6763926432981784e-36
0.19793368237396564	2.237161034039641e-36
0.19892621524771736	2.847438201335621e-36
0.19992372514960113	5.2140687514446335e-36
0.2009262370367843	5.1183016258928784e-36
0.20193377599158158	5.402391648408199e-36
0.20294636722208173	5.3038080405805536e-36
0.20396403606277874	7.334743180559302e-36
0.204986807975206	8.478062745066617e-36
0.20601470854857298	7.399051969341156e-36
0.2070477635004051	2.369554963389526e-35
0.20808599867718833	2.7503783150892096e-35
0.20912944005501488	3.202097753743033e-35
0.210178113740233	3.368998262398903e-35
0.21123204597010073	4.6924706793313267e-35
0.21229126311344199	4.266723842838897e-35
0.21335579167130633	4.0533651465203224e-35
0.21442565827763235	5.123508616554653e-35
0.21550088969991407	5.654989212750021e-35
0.21658151283986957	3.5396972305140064e-35
0.2176675547341153	3.953288036241982e-35
0.21875904255484205	5.399030620541589e-35
0.21985600361049454	6.953771259117942e-35
0.22095846534645505	3.560448806790187e-35
0.22206645534573016	3.287595441121629e-35
0.22318000132964075	5.893226472722748e-35
0.22429913115851496	7.791847783485362e-35
0.22542387283238616	4.3456112160068224e-35
0.22655425449169295	3.27796167192928e-35
0.2276903044179833	4.7751100931559485e-35
0.22883205103462215	4.074930138154873e-35
0.229979522907503	3.3455680182742825e-35
0.23113274874576215	4.385800693682361e-35
0.23229175740249675	3.1051183889729916e-35
0.23345657787548701	2.3435155678451467e-35
0.23462723930792184	1.6682332597612254e-35
0.23580377098912775	2.0600676926025373e-35
0.23698620235530174	1.445605500143964e-35
0.238174562990248	1.263638135858246e-35
0.239368882626118	1.0551156616083329e-35
0.2405691911441537	1.0695039212908878e-35
0.24177551857543603	2.2556369973751885e-35
0.2429878951016359	2.553843654424455e-35
0.2442063510557691	2.2976029778800787e-35
0.24543091692295593	2.7500344104918453e-35
0.24666162334118352	2.2502097771925807e-35
0.24789850110207184	1.8363563673102832e-35
0.24914158115164486	1.0464684900423847e-35
0.25039089459110436	1.694208265843648e-35
0.2516464726776083	9.519066914567476e-36
0.25290834682505253	1.1889388959020767e-35
0.25417654860485756	1.6707077815815902e-35
0.25545110974675783	2.956886030153501e-35
0.25673206213959504	3.3802194533112753e-35
0.25801943783211717	2.9203926275206583e-35
0.25931326903377927	2.5940938349031115e-35
0.2606135881155502	2.0759230630228674e-35
0.26192042761072176	2.819909233861907e-35
0.26323382021572334	3.8819120616225477e-35
0.26455379879093993	7.758846523273325e-35
0.2658803963615333	8.247564715566792e-35
0.2672136461182695	7.385752650274177e-35
0.26855358141834823	9.971350482780278e-35
0.26990023578623834	1.017898873636736e-34
0.2712536429145158	7.985342366154173e-35
0.2726138366647076	5.602385440042896e-35
0.27398085106813846	5.233627071774142e-35
0.27535472032678154	6.501993788603784e-35
0.27673547881411514	1.166980656689359e-34
0.27812316107598256	8.236236007449558e-35
0.2795178018314557	3.0476915766687814e-35
0.28091943597370506	7.521237340290455e-35
0.2823280985708719	2.4344472930921676e-34
0.28374382486694505	2.622478804056221e-34
0.28516665028264365	1.3406849714950309e-34
0.2865966104163032	3.917273924182403e-34
0.28803374104476576	4.501735543053565e-34
0.2894780781242752	6.715440959564602e-34
0.2909296577913777	1.0092518157341095e-33
0.2923885163638248	1.0125041992068767e-33
0.29385469034148215	1.2194360558933132e-33
0.29532821640724294	1.4179429954358642e-33
0.29680913142794596	1.5957853540126972e-33
0.2982974724552975	1.8061616723631376e-33
0.2997932767267984	1.905178226523559e-33
0.3012965816666764	2.1561594307472377e-33
0.30280742488682233	2.9819449307839593e-33
0.3043258441877297	3.7186589510285604e-33
0.30585187755944193	4.434653228896282e-33
0.30738556318250276	5.433861522559933e-33
0.3089269394289109	5.449482135276752e-33
0.3104760448630803	5.9338763565916286e-33
0.31203291824280527	7.197547043126487e-33
0.31359759852023034	7.84172112541857e-33
0.31517012484282386	7.750841167342776e-33
0.3167505365543583	8.341365597206188e-33
0.3183388731958942	9.077816686216399e-33
0.3199351745067696	9.6157099965551e-33
0.3215394804255948	9.33634524231698e-33
0.32315183109125106	8.684176098077646e-33
0.32477226684389454	1.2066933257796795e-32
0.326400828225966	1.514980155160404e-32
0.3280375559832053	1.3242714428917796e-32
0.3296824910656707	1.6047084604909098e-32
0.3313356746287631	1.3720343121371085e-32
0.3329971480342564	1.4693800450122916e-32
0.3346669528513321	1.354824358274242e-32
0.33634513085761847	1.0666144318339134e-32
0.33803172404023707	1.1755241235434708e-32
0.33972677459685247	1.287565913286104e-32
0.3414303249367282	1.1768937033271405e-32
0.3431424176817877	1.424751871022609e-32
0.3448630956676814	1.2983439759887627e-32
0.34659240194485796	1.471128759551178e-32
0.3483303797796405	1.4703942898603904e-32
0.3500770726553105	1.5938540726393148e-32
0.35183252427319484	1.3896860959695237e-32
0.35359677855375954	1.5942591969256988e-32
0.3553698796377084	1.558187207422825e-32
0.35715187188708786	1.2639652091411443e-32
0.35894279988639705	1.2240786156243101e-32
0.3607427084437018	1.4924768368623033e-32
0.36255164259175715	1.5765731733229494e-32
0.3643696475891337	1.5147965148794368e-32
0.3661967689213495	1.8536837085827975e-32
0.36803305230200895	1.7336993714937455e-32
0.36987854367394635	1.7907706511262027e-32
0.371733289210374	1.605819622476908e-32
0.37359733531603934	1.401577932234574e-32
0.3754707286283843	1.5041153331501457e-32
0.37735351601871386	1.8824304860661095e-32
0.37924574459336685	1.79877790650212e-32
0.38114746169489644	1.8357665929876743e-32
0.38305871490325377	1.095294464274151e-32
0.3849795520369774	1.4729030278358727e-32
0.3869100211543912	1.3264231976778705e-32
0.38885017055480586	1.6438981564365044e-32
0.39080004877972785	2.079210948982127e-32
0.39275970461407317	1.3367509050774492e-32
0.3947291870873891	1.8795681001139163e-32
0.39670854547508044	1.402493405854336e-32
0.3986978292996411	2.560587740055151e-32
0.40069708833189466	2.7384934585619783e-32
0.402706372592239	2.675206415045662e-32
0.4047257323518978	2.7487183738206215e-32
0.40675521813417853	2.563922242610596e-32
0.4087948807157368	2.8906337997784245e-32
0.4108447711278456	2.6765494929764053e-32
0.41290494065767314	2.7934497026567407e-32
0.41497544084956556	2.7469052195338706e-32
0.41705632350633653	2.7445920307715225e-32
0.41914764069056354	2.6385815663896544e-32
0.4212494447258909	2.75410722687003e-32
0.42336178819833825	2.608869160001161e-32
0.42548472395761583	2.630964461826978e-32
0.42761830511844745	2.4006497960704806e-32
0.4297625850618993	1.9651765842381363e-32
0.4319176174367154	2.2979735225703246e-32
0.4340834561606595	2.606468650020565e-32
0.43626015542186525	2.8188182002348206e-32
0.43844776968019117	2.6036603109623407e-32
0.4406463536685825	2.75595259533526e-32
0.4428559623944415	2.920903348039183e-32
0.44507665114100353	2.866242571632547e-32
0.4473084754687203	3.043735557927047e-32
0.4495514912166493	3.19285492592136e-32
0.45180575450385246	3.282897331903569e-32
0.45407132173079895	3.0851295845947104e-32
0.4563482495807756	3.2881246389090633e-32
0.45863659502130677	3.138605302734044e-32
0.4609364153055783	3.1723311586910185e-32
0.46324776797387063	3.2841383325871744e-32
0.4655707108549989	3.3066493901677556e-32
0.46790530206775927	3.213944966360225e-32
0.4702516000223821	3.1520256135173026e-32
0.4726096634219945	3.2546060619196264e-32
0.47497955126408914	3.3143497911368434e-32
0.4773613228419995	3.336367620353166e-32
0.47975503774638373	3.2654702935516687e-32
0.48216075586671636	3.3033472588129974e-32
0.48457853739278606	3.176455899532911e-32
0.4870084428162004	2.791103178124359e-32
0.48945053293190116	3.1721627058906005e-32
0.4919048688396847	3.108573011859137e-32
0.49437151194573015	3.2193331761946777e-32
0.4968505239641359	3.225481555925441e-32
0.49934196691846533	3.034406336172148e-32
0.5018459031432968	3.007241679841051e-32
0.5043623952857826	3.053675998000457e-32
0.5068915063072181	3.1675163914386975e-32
0.5094332994846162	3.096806761913587e-32
0.5119878384122912	3.0586031200598567e-32
0.5145551870034475	3.0238838909124643e-32
0.5171354094917826	2.8757710021257287e-32
0.5197285704330917	2.9025163874567325e-32
0.5223347347068824	3.036792361855715e-32
0.5249539675179988	3.105811106966677e-32
0.5275863343982533	2.830299957296117e-32
0.5302319012080647	3.1447345706115337e-32
0.5328907341381088	2.941703350798226e-32
0.5355628997109723	3.1571984063842744e-32
0.538248464782816	3.0958099552789695e-32
0.5409474965450505	2.951331020184228e-32
0.5436600625260152	3.049980833094508e-32
0.5463862305926684	3.085710570597027e-32
0.5491260689522852	3.074462382319255e-32
0.5518796461541653	3.0911539725139016e-32
0.5546470310913464	3.1639669831501823e-32
0.5574282930023275	3.048291205523987e-32
0.5602235014728032	2.9998000781386575e-32
0.5630327264374027	3.059402278688453e-32
0.5658560381814413	3.004610043889821e-32
0.5686935073426767	3.0196998075910636e-32
0.5715452049130791	2.970085344814068e-32
0.5744112022406066	3.0123353576300066e-32
0.5772915710309872	3.005947443232984e-32
0.5801863833495164	3.021340738840859e-32
0.5830957116228598	3.115023686600944e-32
0.5860196286408634	3.0469855832312067e-32
0.5889582075583758	2.857659020602039e-32
0.5919115218970796	2.93289921301231e-32
0.5948796455473297	2.9567630365466606e-32
0.5978626527700013	2.993351439140143e-32
0.6008606181983488	2.9884335419279086e-32
0.6038736168398732	3.0456143526113317e-32
0.6069017240781975	3.0407407360790707e-32
0.6099450156749557	3.008580989904979e-32
0.613003567771686	2.961001731668983e-32
0.6160774568917349	2.9181611017671945e-32
0.6191667599421734	3.016917725730518e-32
0.6222715542157213	2.9840908513617603e-32
0.6253919173926807	2.900925801069042e-32
0.6285279275428783	2.8728289824340414e-32
0.6316796631276214	2.920306624364041e-32
0.6348472030016586	2.97427921019442e-32
0.6380306264151534	3.014545720289652e-32
0.6412300130156664	2.983973137843992e-32
0.6444454428501492	3.0097276303063553e-32
0.6476769963669469	2.9074228657948915e-32
0.6509247544178092	2.907957379070453e-32
0.6541887982599163	2.9479770205152405e-32
0.6574692095579102	2.751828916146215e-32
0.660766070385937	3.0442956423041374e-32
0.6640794632297012	3.0554918138942034e-32
0.6674094709885302	3.0685391323147177e-32
0.6707561769774474	3.0532734422915264e-32
0.6741196649292565	3.073186510242938e-32
0.677500018996638	3.0706674494269496e-32
0.6808973237542544	3.0604107395814544e-32
0.6843116642008633	3.042706722637043e-32
0.6877431257614475	2.9670945497879445e-32
0.6911917942893504	2.980926864671985e-32
0.6946577560684242	2.835116949415343e-32
0.6981410978151903	2.9186055884275956e-32
0.701641906681008	2.8257017929483577e-32
0.7051602702542529	2.9421257341348576e-32
0.7086962765625106	2.965509629592912e-32
0.7122500140747791	2.953430615453855e-32
0.7158215717036805	2.7828969887819696e-32
0.7194110388076879	2.2927627910640996e-32
0.7230185051933602	2.6236226522711835e-32
0.7266440611175885	2.481521032614679e-32
0.7302877972898537	2.5461634048756054e-32
0.7339498048744976	2.8293706187904364e-32
0.7376301754930026	2.861279009416338e-32
0.7413290012262843	2.90294664086541e-32
0.7450463746169959	2.978215307574428e-32
0.748782388671843	2.983202163741182e-32
0.7525371368639117	2.975739029990708e-32
0.7563107131350048	2.971323352489387e-32
0.7601032118979938	2.8184541662100324e-32
0.7639147280391814	2.9135014175726405e-32
0.7677453569206736	2.8899326886547366e-32
0.7715951943827695	2.943908825313728e-32
0.775464336746356	2.968172723260628e-32
0.779352880815317	2.96028081230197e-32
0.7832609238789571	2.9580401291400674e-32
0.787188563714436	2.925239161339778e-32
0.791135898589214	2.817753213771673e-32
0.7951030272635101	2.817464292069393e-32
0.7990900489927749	2.847632211107004e-32
0.8030970635301733	2.799768833584006e-32
0.8071241711290769	2.8542606668449596e-32
0.8111714725455771	2.7386857807201824e-32
0.815239069041003	2.3605577913389644e-32
0.8193270623844563	2.3674320721844842e-32
0.8234355548553557	2.3710185442893283e-32
0.8275646492459995	2.522976872240954e-32
0.8317144488641344	2.5570995402007243e-32
0.8358850575355393	2.733370503330842e-32
0.8400765796066259	2.78591495411831e-32
0.8442891199470474	2.820051582979952e-32
0.8485227839523232	2.796065378842261e-32
0.852777677546475	2.696903602648924e-32
0.8570539071846789	2.846926854940495e-32
0.8613515798559271	2.84614530337171e-32
0.8656708030857045	2.741070762945967e-32
0.8700116849386796	2.814289722474646e-32
0.874374334021408	2.813423954104568e-32
0.8787588594850487	2.8319541643926994e-32
0.8831653710280991	2.802249862251937e-32
0.8875939788991354	2.773133135374421e-32
0.8920447938995711	2.7498168027929614e-32
0.8965179273864308	2.3193810391671188e-32
0.9010134912751359	2.0137054896258926e-32
0.9055315980423044	2.374343904453109e-32
0.9100723607285646	2.0773458623861325e-32
0.9146358929413849	2.041918828507872e-32
0.9192223088579163	2.253507327327677e-32
0.9238317232278451	2.249081901209767e-32
0.9284642513762678	1.9667443271527106e-32
0.9331200092065757	8.870910432025775e-33
0.9377991132033541	9.689149273189266e-33
0.9425016804352956	1.1550349727949544e-32
0.9472278285581335	1.121952201207574e-32
0.9519776758175816	1.259644620815297e-32
0.9567513410522916	1.3751466222239687e-32
0.9615489436968296	1.5910130425579654e-32
0.9663706037846628	1.9311108548849272e-32
0.9712164419511624	2.2729670474348307e-32
0.9760865794366222	2.1572699951866377e-32
0.9809811380892934	2.3770087748673516e-32
0.9859002403684317	2.6091277367304647e-32
0.9908440093473598	2.6752838445893966e-32
0.9958125687165489	2.7172779239739205e-32
1.0008060427867123	2.7012747440312755e-32
1.0058245564919153	2.628364016695886e-32
1.010868235392703	2.684567736424548e-32
1.0159372056792408	2.7009828893648256e-32
1.0210315941744692	2.676549246378168e-32
1.0261515283372795	2.716356027489372e-32
1.0312971362657024	2.7073998763844455e-32
1.0364685467001116	2.6996824734070983e-32
1.0416658890264454	2.7103599932052485e-32
1.0468892932794465	2.6898587841695547e-32
1.0521388901459137	2.6385581912415584e-32
1.0574148109679669	2.5796356408116476e-32
1.0627171877463404	2.5605358077853544e-32
1.068046153143682	2.5069606157020603e-32
1.0734018404878722	2.529250385852088e-32
1.0787843837753595	2.536330568459726e-32
1.0841939176745161	2.4885455677376467e-32
1.0896305775290047	2.450307435073115e-32
1.0950944993611633	2.2807351997408072e-32
1.1005858198754108	2.0985308621004505e-32
1.1061046764616662	1.9837511051331713e-32
1.1116512071987874	1.7089535653885965e-32
1.1172255508580224	8.409449858641877e-33
1.1228278469064872	5.7425341305483565e-33
1.1284582355106514	5.384119350371538e-33
1.1341168575398424	6.626642188581273e-33
1.1398038545697746	1.099176570927348e-32
1.1455193688860903	7.277339676425443e-33
1.151263543487917	9.74745392601877e-33
1.1570365220914502	1.46761199430561e-32
1.1628384491335462	1.8479587453768474e-32
1.1686694697753333	2.0485564868735352e-32
1.1745297299058477	2.0696740208708455e-32
1.1804193761456818	2.0545819312512935e-32
1.1863385558506525	2.0147534330224988e-32
1.192287417115488	2.2319281580201148e-32
1.1982661087775348	2.1256245581491556e-32
1.2042747804204808	2.1389115464957096e-32
1.2103135823780942	2.2078347740022752e-32
1.2163826657379884	2.315031123665359e-32
1.222482182345403	2.336227275285021e-32
1.228612284807	2.4090581767182363e-32
1.2347731264946822	2.4357364096075892e-32
1.240964861549434	2.4351310042074273e-32
1.2471876448851749	2.4156317205048662e-32
1.2534416321926347	2.2967264812745942e-32
1.2597269799432502	2.125871266498851e-32
1.2660438453930802	2.044786285877692e-32
1.2723923865867395	2.1246871273477023e-32
1.2787727623613507	2.2634711597666495e-32
1.2851851323505257	2.3238743912476576e-32
1.2916296569883532	2.3706790428002922e-32
1.298106497513411	2.277769585178094e-32
1.3046158159728056	2.1359566004589465e-32
1.3111577752262238	1.9860183003185622e-32
1.317732538950006	1.8190898474974223e-32
1.324340271641246	1.762898048143088e-32
1.3309811386219035	1.1773254834196401e-32
1.3376553060429386	1.2437991598582071e-32
1.3443629408884703	8.215621509132728e-33
1.3511042109799565	1.064219446501932e-33
1.3578792849803907	7.431549540069864e-35
1.3646883323985202	4.974215340287049e-35
1.371531523593092	5.783266477102983e-35
1.378409029777113	9.67512990748495e-35
1.3853210230221293	6.736002354114285e-35
1.3922676762625366	1.3305679234746157e-34
1.3992491632999053	1.9907740957497377e-34
1.4062656588073292	2.5234935276330107e-34
1.4133173383337934	1.0596798293350262e-33
1.4204043783085718	1.599202413882091e-33
1.4275269560456372	2.9801014755444093e-33
1.434685249748096	2.349364939911953e-33
1.4418794385126505	3.367233190631503e-33
1.4491097023340787	4.144202972202208e-33
1.456376222109735	8.527858713152823e-33
1.4636791796440822	6.611694639066951e-33
1.471018757653236	5.19967060070479e-33
1.4783951397695336	6.953397749257703e-33
1.485808510546134	9.709714774406553e-33
1.493259055461632	1.5284885521151554e-32
1.5007469609247002	1.715150467689141e-32
1.5082724142787498	1.948124724599989e-32
1.5158356038066236	2.041086254052806e-32
1.5234367187353037	2.1956108653451795e-32
1.5310759492406427	2.2338573906940025e-32
1.538753486452126	2.2549295192409824e-32
1.5464695224576515	2.309899488346932e-32
1.5542242503083386	2.3004321424359824e-32
1.5620178640233522	2.2959352706581643e-32
1.5698505585947655	2.0983361664173093e-32
1.577722529992433	2.0527763337655764e-32
1.585633975168892	2.1873135766736997e-32
1.593585092064294	2.2241097994956662e-32
1.6015760796113558	2.072148335764683e-32
1.6096071377403378	2.037539731311483e-32
1.6176784673840416	2.175952266816431e-32
1.6257902704828446	2.23232838059421e-32
1.6339427499897496	2.1449486238046565e-32
1.6421361098754568	2.0183571920056895e-32
1.6503705551334742	2.0657430203555244e-32
1.6586462917852434	2.1201179191355155e-32
1.6669635268852936	1.980483811353968e-32
1.6753224685264267	2.075699141742366e-32
1.6837233258449187	2.0037208346023556e-32
1.6921663090257515	2.0223536971286644e-32
1.700651629307875	1.9469585761007785e-32
1.7091794989894915	1.8884695392651737e-32
1.7177501314333647	1.9249651873583445e-32
1.7263637410721597	1.7944372292701006e-32
1.735020543413812	1.6993102026684967e-32
1.7437207550469151	1.6563697358210978e-32
1.7524645936461354	1.7300487596180023e-32
1.7612522779776654	1.6076153425703447e-32
1.7700840279046952	1.4877496866492997e-32
1.7789600643929115	1.2287968431274538e-32
1.787880609516026	1.0081905222103633e-32
1.796845886461336	5.968371770139226e-33
1.8058561195353053	2.729060631429219e-33
1.814911534169173	8.276224516366235e-34
1.8240123569245985	3.4529363298838274e-34
1.8331588154993277	1.9368294395004466e-35
1.8423511387328908	2.069286097479193e-35
1.8515895566123255	1.314423392677181e-35
1.8608743002779367	1.9446684478697759e-35
1.870205602029076	1.282211696005269e-35
1.8795836953299498	3.062188723314123e-35
1.8890088148154656	4.903124070802923e-35
1.8984811962971022	3.634324887342492e-35
1.9080010767688043	2.0917076307836614e-35
1.9175686944129222	1.110472167090601e-34
1.9271842886061636	2.621447760808366e-34
1.936848099925581	6.730971095687572e-34
1.9465603701545953	2.3416483152038124e-33
1.9563213422890424	1.7339025897859255e-33
1.9661312605432557	4.3783998848576265e-33
1.9759903703561716	8.582691447332507e-33
1.9858989183974778	1.2014618833790539e-32
1.9958571525737787	9.07515370636303e-33
2.0058653220347975	1.871241273265373e-33
2.015923677179611	2.9254286218284774e-33
2.0260324696629186	9.743877742822274e-33
2.036191952401332	1.4495143562419106e-32
2.046402379579706	1.2762319044473478e-32
2.0566640066575	7.935224603568184e-33
2.06697709037517	8.080740216777539e-33
2.077341888760586	1.1948748894385563e-32
2.0877586611354917	1.315149628899344e-32
2.098227668121993	1.3868225555584778e-32
2.108749171649077	1.4313405727082943e-32
2.1193234349591674	1.3835746710055616e-32
2.129950722614711	1.4343835891810674e-32
2.1406313005047957	1.4339861445163796e-32
2.151365435851799	1.3421206168445333e-32
2.1621533972180806	1.266723394550467e-32
2.172995454512697	1.284035816404861e-32
2.183891878998155	1.276972246686765e-32
2.1948429432972034	1.2149959713730029e-32
2.2058489213996504	1.1784621099061152e-32
2.2169100886692137	1.2797044527778494e-32
2.228026721850416	1.237475618320084e-32
2.2391990990755106	1.1727960578391482e-32
2.250427499871433	1.0941330072440094e-32
2.2617122051667993	1.0517427472593839e-32
2.2730534972989385	1.0199168093202813e-32
2.284451660020951	1.0017740728867128e-32
2.2959069785088055	8.757870805132803e-33
2.3074197393684788	9.996479609585827e-33
2.3189902306431267	8.3983847736941e-33
2.3306187418202886	9.541216127895432e-33
2.3423055638391284	7.521909121442041e-33
2.354050989097721	7.097741082327407e-33
2.365855311460365	7.414408477213836e-33
2.3777188262649247	7.073800090880385e-33
2.3896418303302336	7.15208082614855e-33
2.401624621963514	7.316402003214473e-33
2.41366750096784	5.890513256996063e-33
2.425770768649639	8.031579622682413e-33
2.437934727826235	6.365212063839498e-33
2.4501596828334224	3.8340885599852735e-33
2.4624459395330716	6.2768670135758e-33
2.4747938053207923	3.614672736236788e-33
2.4872035891336215	1.171658159562767e-33
2.4996756014577484	1.4582644931433743e-33
2.5122101543362927	6.595226375481989e-34
2.524807561377106	1.4092884049080117e-34
2.5374681377606096	8.521314989145977e-36
2.5501922002476944	2.320205800366114e-36
2.562980067187637	1.4413330329532153e-36
2.5758320585260677	9.141583529740806e-37
2.588748495812978	1.1089941429818786e-36
2.6017297022107604	1.1149174166334284e-36
2.6147760025022957	1.1917076451129689e-36
2.6278877230990836	1.198588486349607e-36
2.641065192049399	1.3167940798507382e-36
2.6543087390465074	1.4484944476619947e-36
2.667618695436914	2.438434721194529e-36
2.6809953942286495	2.8607229908132866e-36
2.6944391700996064	2.5874890283493585e-36
2.7079503594059076	2.7752636834046367e-36
2.7215293001903276	2.576340275758944e-36
2.7351763321907425	2.7712886536922613e-36
2.7488917968486373	3.105571531799532e-36
2.762676037317642	3.8737247970580456e-36
2.776529398472126	4.100955847909197e-36
2.79045222691582	4.797720249570419e-36
2.804444870990491	6.200546777231553e-36
2.8185076807846503	1.4788216243504147e-35
2.832641008142321	4.541698912069766e-35
2.846845206671839	1.1480444496160721e-34
2.861120631754699	1.6728109340958872e-34
2.8754676405544464	3.979642436126576e-34
2.889886592025612	8.026161811902324e-34
2.904377846922697	7.612769242060028e-34
2.918941767809192	9.676640893418607e-34
2.933578719066654	2.6146078351675025e-33
2.9482890669038184	1.4503803206809959e-33
2.963073179365769	2.3638247785314543e-33
2.977931426343137	1.1252216683247464e-33
2.9928641795813626	3.271226267924592e-33
3.0078718126899924	2.9580097604037835e-33
3.0229547011520257	2.3853163524106873e-33
3.0381132223333123	1.5575876552199293e-33
3.05334775549199	1.4321902334350121e-33
3.0686586817879786	1.5114459593767546e-33
3.084046384292515	1.6718537571126047e-33
3.099511247997734	1.1060837810738476e-33
3.1150536598263017	2.234285308165074e-33
3.1306740086410967	3.222656873443084e-33
3.146372685254943	2.6393450916628874e-33
3.1621500824403777	4.9541369288146364e-33
3.178006594939491	4.7501441077215006e-33
3.1939426194737965	2.1208990467687686e-33
3.209958554754155	5.829631388320491e-34
3.2260548014907506	8.387725497318168e-34
3.242231762403116	1.981771170239166e-33
3.258489842230212	2.454848293832522e-33
3.27482944774055	2.1512413262997573e-33
3.291250987742375	4.365746517682055e-33
3.3077548730938835	2.3357850959696064e-33
3.3243415167135146	1.6987490981708945e-33
3.34101133359027	4.156465719663447e-33
3.357764740794105	4.3872535808461055e-33
3.3746021574863567	4.8794698005118055e-33
3.3915240049302406	6.667844342483906e-33
3.4085307065013817	5.733843850744737e-33
3.4256226876984113	8.372752013143482e-33
3.4428003761536115	8.735550303276214e-33
3.4600642016436116	8.993247905538312e-33
3.4774145961001475	1.0308795055434699e-32
3.49485199362086	1.0818367626715966e-32
3.5123768304801635	1.2337026954637034e-32
3.5299895451401606	1.202443236371016e-32
3.5476905782616077	1.1523051286062817e-32
3.56548037271494	1.279082033051762e-32
3.5833593735913554	1.2965796713253562e-32
3.601328028213949	1.4014938369975048e-32
3.619386786148903	1.4892897263282015e-32
3.6375360992167387	1.5854341961720395e-32
3.655776421503623	1.619389760254615e-32
3.6741082093727213	1.6941690864015067e-32
3.692531921475615	1.7423609786434565e-32
3.711048018763785	1.8168871900000372e-32
3.72965696450014	1.8813901255567769e-32
3.748359224270609	1.9682088918315952e-32
3.767155265995785	2.054929449578845e-32
3.786045559942639	2.1208102570408113e-32
3.805030578736283	2.204199489827786e-32
3.82411079737179	2.299693192685588e-32
3.8432866932260863	2.2918480958333407e-32
3.8625587460698876	2.290439556895084e-32
3.881927438079711	2.1632917653517935e-32
3.9013932538499287	2.3710889284619464e-32
3.9209566804049056	2.390360988556709e-32
3.9406182072111697	2.6034541104358083e-32
3.960378326189668	2.77037058983089e-32
3.980237531728068	2.8351899470087905e-32
4.000196320693134	2.8615930985353887e-32
4.020255192443151	2.823685132087318e-32
4.04041464884043	2.7170611078659436e-32
4.0606751942638475	2.7404397548802946e-32
4.0810373356214775	2.6366844907849e-32
4.101501582363271	2.6212080663409683e-32
4.122068446493797	2.630744066799635e-32
4.1427384425850615	2.643926548196694e-32
4.163512087789377	2.3196685747371747e-32
4.184389901852302	6.423217024413385e-33
4.20537240712564	2.2477167248257567e-33
4.226460128580519	4.1015751819959684e-33
4.247653593820516	4.4042942558302644e-33
4.268953333094859	4.631988192856999e-33
4.290359879311703	4.658831633026013e-33
4.31187376805145	3.884292844963495e-33
4.333495537580159	3.088424089355233e-33
4.355225728863009	3.620727865957912e-33
4.377064885577826	1.0845559684147707e-32
4.399013554128701	3.1970335680355184e-32
4.421072283659648	4.708051567055553e-32
4.443241626068354	3.538382905785078e-32
4.4655221360199775	1.7081610633107155e-32
4.48791437096103	2.5469448619070774e-32
4.510418891133327	2.4654476022175525e-32
4.533036259587993	2.84067732536205e-32
4.55576704219956	4.283276227455595e-32
4.578611807680122	5.771813514194642e-32
4.601571127593565	7.603312063586191e-32
4.624645576369868	8.387399361272445e-32
4.6478357313194705	9.029694201423795e-32
4.671142172647717	9.111898385247448e-32
4.6945654834693755	9.349379550830806e-32
4.718106249823229	8.160831524431629e-32
4.741765060686734	9.610306533108625e-32
4.765542507990759	9.563535002073418e-32
4.789439186634392	9.174424268619858e-32
4.81345569449983	8.41868684077524e-32
4.837592632467327	8.643624439011336e-32
4.861850604430237	1.0485501523018374e-31
4.886230217310117	1.0730489953690271e-31
4.910732081071921	1.2668649891355382e-31
4.93535680873925	1.2660574488036076e-31
4.9601050164097	9.933876341808866e-32
4.98497732327027	1.3858833400870603e-31
5.009974351612847	9.40184698647484e-32
5.03509672684979	1.1846569746174857e-31
5.060345077529568	1.6254685086108577e-31
5.085720035352492	9.834310198110365e-32
5.111222235186514	1.1612504715190177e-31
5.1368523150831145	7.157544720457172e-32
5.162610916293267	1.1215020219640515e-31
5.188498683283472	1.149541519183955e-31
5.214516263751898	4.884511451992571e-32
5.240664308644572	6.108093605778297e-32
5.266943472171668	1.0366685243171882e-31
5.2933544118238975	5.097508627418451e-32
5.319897788388923	1.1338366484853737e-31
5.3465742659679085	4.54096884356307e-32
5.37338451199214	7.465883129736138e-32
5.400329197239715	7.107241795040578e-32
5.427408995852336	3.463923261997881e-32
5.454624585352163	3.7637015087555913e-32
5.481976646658774	4.2765103744275334e-32
5.509465864106202	6.424341389010215e-32
5.537092925460049	4.1329256123448426e-32
5.564858521934702	3.04264557058231e-32
5.592763348210614	3.8960910354877464e-32
5.620808102451707	3.434422277782486e-32
5.648993486322818	3.663230741755657e-32
5.677320205007268	3.663207222484615e-32
5.705788967224496	3.9061206548869827e-32
5.734400485247794	3.762317206017295e-32
5.7631554749221285	4.3324613303186883e-32
5.792054655682049	4.273744991403526e-32
5.821098750569692	4.73059338347484e-32
5.8502884862528735	4.4406060572827705e-32
5.879624593043262	5.68209700243175e-32
5.909107804914646	4.7530415686173455e-32
5.938738859521309	5.75978291165785e-32
5.968518498216483	5.182658513140747e-32
5.998447466070889	5.603976515778923e-32
6.02852651189139	5.342785001825481e-32
6.058756388239724	7.699339848687027e-32
6.0891378514513255	5.776049844591606e-32
6.119671661654245	6.774548434989801e-32
6.150358582788179	6.59000145226603e-32
6.181199382623572	6.698114560598098e-32
6.212194832780842	6.747444802955149e-32
6.243345708749672	7.937367012834537e-32
6.274652789908414	7.991775769175107e-32
6.306116859543595	8.588621459504845e-32
6.337738704869504	8.375042989182183e-32
6.369519117047898	8.130676811411042e-32
6.401458891207787	1.0053531911274552e-31
6.433558826465341	9.921428895568995e-32
6.465819725943871	9.585185058117824e-32
6.49824239679393	1.184122096940888e-31
6.530827650213504	1.0275569134284231e-31
6.5635763014683075	1.1981641328896427e-31
6.5964891699121795	1.123042481651325e-31
6.629567079007583	1.4125600013515637e-31
6.6628108563462165	1.0982820232801943e-31
6.696221333669722	1.1748414298334225e-31
6.729799346890473	1.2750311405590077e-31
6.763545736112502	1.3001285997287063e-31
6.797461345652531	1.3554673937884911e-31
6.831547024061068	1.3162183439085576e-31
6.865803624143667	1.5600645485916107e-31
6.900232002982243	1.5116365772386774e-31
6.934833021956535	1.9325588673636644e-31
6.96960754676564	1.6410886608531012e-31
7.0045564474496755	1.836114505186237e-31
7.039680598411554	1.7412728519604899e-31
7.07498087843885	2.463242307809889e-31
7.110458170725809	2.536162379865673e-31
7.146113362895414	2.0867303216161075e-31
7.181947347021616	2.4149764996841258e-31
7.217961019651652	3.4317140383729918e-31
7.254155281828453	3.33616161029595e-31
7.2905310391132145	2.985613902390144e-31
7.32708920160804	3.561956279019464e-31
7.36383068397872	4.525086724892911e-31
7.400756405477605	5.263053569461479e-31
7.437867289966616	5.800593716035285e-31
7.475164265940351	4.091399303487137e-31
7.512648266549316	8.035876406009873e-31
7.550320229623273	8.522819996340892e-31
7.588181097694703	4.903892365860043e-31
7.626231818022395	7.391070386639947e-31
7.664473342615148	4.923571102438949e-31
7.702906628255571	6.982169022392034e-31
7.741532636524035	8.312583798868013e-31
7.780352333822723	8.208954272739152e-31
7.819366691399819	9.53843463804424e-31
7.85857668537381	7.160865319805271e-31
7.897983296757896	7.8162115861569585e-31
7.937587511484536	9.275748081745319e-31
7.977390320430137	1.3810825183562193e-30
8.017392719439803	1.3399228263734235e-30
8.05759570935229	1.4678788941776172e-30
8.098000296025026	1.767585920474733e-30
8.138607490359288	1.7380707993455748e-30
8.179418308325483	1.6741156748967095e-30
8.220433770988583	1.803216423243655e-30
8.261654904533653	1.7316009343168804e-30
8.30308274029154	2.113019218170453e-30
8.34471831476466	1.9805172199246746e-30
8.386562669652946	2.1571243145735525e-30
8.428616851879909	1.975019390258118e-30
8.470881913618832	2.1902710573560693e-30
8.513358912319084	1.9673230567526504e-30
8.556048910732592	2.274160258725872e-30
8.598952976940408	2.2333072929278712e-30
8.642072184379465	2.3632331085324577e-30
8.685407611869392	2.2216316395943057e-30
8.728960343639548	2.4480608232473665e-30
8.77273146935613	2.4451519942964338e-30
8.816722084149427	2.3128500483752008e-30
8.860933288641233	2.574526440547951e-30
8.905366188972373	2.4908030955742593e-30
8.95002189683038	2.6382047483908104e-30
8.994901529477328	2.606260886309122e-30
9.040006209777761	2.643184945359261e-30
9.085337066226797	2.6577932853689534e-30
9.130895232978368	2.7908474098070776e-30
9.176681849873574	2.7493550812103588e-30
9.222698062469226	2.789420097193733e-30
9.268945022066488	2.81276987795173e-30
9.315423885739708	2.775554343737314e-30
9.362135816365337	2.6509129207597996e-30
9.409081982651044	2.1242243541264405e-30
9.456263559164947	1.642091918213506e-30
9.503681726365008	1.5117546513062222e-30
9.551337670628547	2.0718076431237578e-30
9.599232584281951	2.2316389189071367e-30
9.647367665630497	1.9168481291807912e-30
9.695744118988324	2.026030256689942e-30
9.744363154708571	2.048505414416942e-30
9.79322598921367	2.181768169675078e-30
9.84233384502575	2.4028760683937542e-30
9.89168795079725	2.6912876297348953e-30
9.941289541341655	2.9574783193256384e-30
9.991139857664379	3.161080790848172e-30
10.041240146993847	3.328680033572254e-30
10.091591662812654	3.4419922884077906e-30
10.142195664888943	3.499838901827026e-30
10.193053419307951	3.53856926555913e-30
10.244166198503637	3.506056945094544e-30
10.295535281290569	3.5790759996786766e-30
10.347161952895883	3.6496976988050325e-30
10.399047504991447	3.729997447586675e-30
10.451193235726198	3.7177295829491e-30
10.503600449758578	3.7456053940214295e-30
10.556270458289227	3.728645498460412e-30
10.609204579093738	3.826850597104324e-30
10.66240413655568	3.8844173366826374e-30
10.715870461699685	3.9318156894635965e-30
10.769604892224786	3.969314948075542e-30
10.823608772537867	3.9151070802427764e-30
10.877883453787291	4.027314553454922e-30
10.932430293896724	4.073490535471949e-30
10.987250657599096	4.021356834684145e-30
11.042345916470763	4.1248881916588816e-30
11.097717448965811	4.186992478893311e-30
11.153366640450542	4.2097768257087715e-30
11.209294883238135	4.23076299884983e-30
11.265503576623482	4.153806347405666e-30
11.321994126918208	4.2449155432657935e-30
11.378767947485837	4.2755439329172995e-30
11.435826458777171	4.373494256511399e-30
11.493171088365834	4.3171689006566016e-30
11.550803270983966	4.3641060387075716e-30
11.608724448558135	4.462968877684289e-30
11.666936070245395	4.4519902483019965e-30
11.725439592469566	4.2037156107037246e-30
11.784236478957672	4.4487834591380845e-30
11.843328200776554	4.567600167791347e-30
11.902716236369663	4.4810010991728225e-30
11.962402071594086	4.620689468653391e-30
12.022387199757677	4.6643339409785736e-30
12.082673121656443	4.5518035961851535e-30
12.143261345612084	4.652963451039899e-30
12.204153387509768	4.728179015205117e-30
12.265350770835992	4.57465626476201e-30
12.326855026716753	4.747749815710474e-30
12.38866769395584	4.604514124076659e-30
12.450790319073302	4.5552715759960444e-30
12.513224456344199	4.3109635044670065e-30
12.57597166783744	4.3365434979039786e-30
12.63903352345489	4.5299140340567035e-30
12.702411600970654	4.881338034239267e-30
12.766107486070537	4.574684039605523e-30
12.830122772391709	4.759166100392405e-30
12.894459061562593	4.542060310552786e-30
12.95911796324294	4.799063757334591e-30
13.02410109516408	4.6559710764909145e-30
13.089410083169417	4.72941529618437e-30
13.155046561255126	4.631180444851109e-30
13.221012171610983	4.165716504252366e-30
13.287308564661474	3.9525913385961265e-30
13.353937399107108	3.83402472645266e-30
13.420900341965886	3.5744641521445716e-30
13.488199068615039	2.9625793477892163e-30
13.555835262832925	3.32014807643019e-30
13.623810616841158	3.30155918251853e-30
13.692126831346961	2.994877686036894e-30
13.760785615585684	3.420938811937673e-30
13.829788687363605	3.301604762624385e-30
13.899137773100882	2.2585351098288932e-30
13.968834607874772	2.9281399570717587e-30
14.038880935463025	2.67787814163585e-30
14.109278508387503	2.431133835681501e-30
14.180029087958065	2.242298778847243e-30
14.251134444316582	2.1282016894225655e-30
14.322596356481265	2.0759205963413524e-30
14.394416612391147	2.05884400987965e-30
14.46659700895084	2.0510929393027837e-30
14.539139352075509	2.0784317334588978e-30
14.612045456736	2.1141700295244393e-30
14.68531714700428	2.166466673780302e-30
14.758956256099081	2.175580921796263e-30
14.832964626431746	2.17733241963934e-30
14.907344109652362	2.3323067822603906e-30
14.982096566696047	2.772002661203189e-30
15.057223867829528	2.1344195716307824e-30
15.132727892697938	2.2050919270813412e-30
15.208610530371827	2.2298624685154096e-30
15.284873679394448	2.2357875859781913e-30
15.361519247829222	2.237108382412295e-30
15.438549153307521	2.2715135452733905e-30
15.515965323076637	2.272224420389808e-30
15.59376969404796	2.3116234264930163e-30
15.671964212845495	2.3876478483958203e-30
15.75055083585452	2.4964883166794393e-30
15.829531529270545	2.6922713327268996e-30
15.90890826914853	2.87776445624466e-30
15.988683041452294	2.865340818860886e-30
16.06885784210423	3.476363898920201e-30
16.149434677035224	3.2686834350418684e-30
16.230415562234842	2.7332011462378873e-30
16.31180252380177	3.4186544410711614e-30
16.39359759799451	3.7247467458673356e-30
16.475802831282312	3.764441191297495e-30
16.558420280396405	3.6237437436973556e-30
16.641452012381457	3.589362925139808e-30
16.72490010464725	3.696034141020876e-30
16.808766645020672	3.589175580292368e-30
16.893053731797973	3.191518990804924e-30
16.977763473797236	3.87676634789934e-30
17.062897990411173	4.29363854587128e-30
17.148459411660117	4.2836627307722674e-30
17.23444987824534	3.632307874987621e-30
17.320871541602596	4.000032733423451e-30
17.407726563955947	4.330405204847698e-30
17.495017118371866	4.376131578489788e-30
17.582745388813603	3.300671473289199e-30
17.670913570195847	4.1614325429094206e-30
17.75952386843961	4.190770896725938e-30
17.848578500527445	5.0772019433728e-30
17.938079694558898	4.822975161454234e-30
18.028029689806246	4.201958098087509e-30
18.11843073677054	4.6795503364977396e-30
18.209285097237906	3.7869092247438324e-30
18.300595044336134	3.1418911418588547e-30
18.392362862591558	4.357280599849802e-30
18.484590847986187	4.2651146793712336e-30
18.577281308015184	4.720624422932397e-30
18.670436561744573	3.857976374079475e-30
18.76405893986927	4.793973664994063e-30
18.858150784771375	4.821407013271868e-30
18.95271445057882	3.9202022174773245e-30
19.047752303224268	3.489932638769252e-30
19.14326672050425	4.439406467660151e-30
19.239260092138696	3.340517692825867e-30
19.33573481983072	2.956301750971679e-30
19.4326933173267	4.029100885928794e-30
19.5301380104767	4.216505885507854e-30
19.62807133729513	3.967396437879289e-30
19.726495748021758	3.08819347258658e-30
19.825413705183	3.648506582873213e-30
19.92482768365355	3.1532163327184822e-30
